intrinsic:
3793.9402407781417 0.0 684.1774929183878 
0.0 3888.7037249296977 307.5196781968204 
0.0 0.0 1.0 
distortion:
-5.48261292259798 925.2607581812433 -0.02662149360030323 -0.2472943855286855 8.180365442529702 
