intrinsic:
1094.356387214924 0.0 653.6208164144496 
0.0 1091.8859094508884 363.1769801161358 
0.0 0.0 1.0 
distortion:
0.3141896594513357 -57.900957884123095 -0.0005150700219501878 0.004591604628884157 2318.545229857571 
