intrinsic:
1201.2445461867612 0.0 751.1655126608289 
0.0 1201.0277198315766 309.40255317708767 
0.0 0.0 1.0 
distortion:
-1.1334035444041328 6.7847928099140375 -0.029467177355519947 -0.0039503840363593725 -20.649459480025293 
