intrinsic:
1595.7750279306338 0.0 635.6049390773596 
0.0 3841.012870095779 356.26289123828275 
0.0 0.0 1.0 
distortion:
-4.002505826769886 90.04351673006161 -0.06836173921375933 -0.18812195802726642 -1135.3316399897712 
